pre = 0.173699
pos = 0.104499
